0.000093
0.000093
0.000093
0.000093
0.000090
0.000037
-0.000121
-0.000442
-0.000782
-0.000767
-0.000222
0.000666
0.001598
0.001965
0.002261
0.002046
0.002110
0.002812
0.003537
0.003800
0.001273
-0.000715
-0.001120
-0.000563
0.000151
-0.000065
-0.000605
-0.001340
-0.001196
0.000101
0.001533
0.003202
0.004908
0.005836
0.006766
0.006950
0.006002
0.005485
0.000561
-0.004150
-0.005968
-0.006429
-0.005862
-0.005237
-0.004542
-0.003766
-0.002892
-0.001903
-0.000771
0.000534
0.002057
0.003857
0.006018
0.008658
0.011959
0.016134
0.014433
0.012421
0.010010
0.007456
0.005244
0.005035
0.004892
0.001001
-0.003811
-0.005572
-0.006089
-0.005426
-0.004898
-0.004318
-0.003645
-0.002853
-0.001908
-0.000762
0.000658
0.002463
0.004834
0.008087
0.012826
0.020368
0.025863
0.010059
0.002575
0.006087
0.006686
0.006888
0.007764
0.008171
0.005309
-0.001871
-0.004390
-0.005414
-0.005162
-0.005006
-0.004878
-0.004731
-0.004562
-0.004364
-0.004128
-0.003845
-0.003496
-0.003058
-0.002489
-0.001723
-0.000409
0.001337
0.003459
0.005681
0.004449
0.003060
0.002123
0.002420
0.002845
0.003238
0.002929
0.002541
0.001277
-0.003361
-0.006031
-0.007590
-0.007826
-0.007524
-0.007173
-0.006757
-0.006259
-0.005652
-0.004893
-0.003920
-0.002625
-0.001137
0.000146
0.001394
0.002658
0.002886
0.002964
0.003023
0.003339
0.003609
0.003770
-0.002890
-0.005063
-0.006137
-0.005926
-0.005688
-0.005481
-0.005243
-0.004967
-0.004645
-0.004263
-0.003803
-0.003237
-0.002526
-0.001604
-0.000361
0.000486
0.000863
0.001287
0.001771
0.001573
0.001685
0.002069
0.002233
0.002063
0.001560
-0.004120
-0.005948
-0.006844
-0.006625
-0.006373
-0.006211
-0.006025
-0.005810
-0.005558
-0.005259
-0.004898
-0.004455
-0.003896
-0.003171
-0.002191
-0.000878
-0.000353
0.000325
0.001080
0.001109
0.001018
0.001324
0.001785
0.002098
0.002137
-0.003283
-0.005794
-0.006895
-0.006894
-0.006722
-0.006549
-0.006352
-0.006124
-0.005857
-0.005542
-0.005164
-0.004700
-0.004120
-0.003371
-0.002369
-0.001115
-0.000121
0.000538
0.001290
0.001166
0.001258
0.002403
0.003497
0.003985
0.003771
-0.002241
-0.005099
-0.006345
-0.006356
-0.006091
-0.005877
-0.005632
-0.005350
-0.005022
-0.004634
-0.004169
-0.003603
-0.002896
-0.001991
-0.000789
0.000825
0.002625
0.004653
0.007004
0.007291
0.005624
0.004867
0.004617
0.004065
0.002535
-0.003051
-0.005588
-0.006594
-0.006404
-0.005702
-0.005103
-0.004415
-0.003620
-0.002688
-0.001582
-0.000249
0.001391
0.003457
0.006139
0.009761
0.014923
0.011756
0.006739
0.002731
0.001170
0.002288
0.002849
0.003279
0.003341
0.002814
0.002125
0.001357
0.000674
0.000321
0.000376
0.000935
0.001524
0.001952
0.002312
0.002614
0.002494
0.002151
0.000729
-0.000570
-0.000912
-0.000398
0.000100
0.000617
0.000822
0.000757
0.000499
0.000103
-0.000440
-0.000625
-0.000557
0.000108
0.000744
0.000867
0.000908
-0.000019
0.000258
0.001441
0.003535
0.003788
0.002385
-0.000142
-0.001466
-0.002511
