0.000124
0.000124
0.000124
0.000124
0.000124
0.000125
0.000131
0.000153
0.000205
0.000277
0.000316
0.000244
0.000028
-0.000276
-0.000544
-0.000686
-0.000654
-0.000486
-0.000310
-0.000171
0.000025
0.000543
0.001341
0.002076
0.002462
0.002460
0.002262
0.002054
0.001897
0.001698
0.001290
0.000684
-0.000022
-0.000705
-0.001182
-0.001374
-0.001219
-0.000635
0.000253
0.001623
0.003537
0.005241
0.006194
0.006230
0.005509
0.004299
0.002843
0.001328
-0.000115
-0.001399
-0.002480
-0.003339
-0.003982
-0.004426
-0.004702
-0.004845
-0.004810
-0.004089
-0.002450
-0.000132
0.002504
0.005067
0.007092
0.008424
0.009458
0.010597
0.011359
0.011355
0.010490
0.008978
0.007109
0.005122
0.003182
0.001399
-0.000169
-0.001499
-0.002599
-0.003500
-0.004264
-0.004993
-0.005892
-0.006461
-0.004416
-0.000303
0.003531
0.006180
0.007840
0.008722
0.009063
0.009398
0.010379
0.011407
0.011833
0.011407
0.010266
0.008677
0.006876
0.005041
0.003291
0.001703
0.000315
-0.000861
-0.001832
-0.002620
-0.003258
-0.003802
-0.004294
-0.004743
-0.005058
-0.004886
-0.004118
-0.002975
-0.001832
-0.000881
-0.000138
0.000495
0.001076
0.001724
0.002714
0.003788
0.004539
0.004690
0.004188
0.003186
0.001885
0.000460
-0.000961
-0.002294
-0.003493
-0.004543
-0.005427
-0.006084
-0.006478
-0.006594
-0.006372
-0.005807
-0.004997
-0.004076
-0.003136
-0.002092
-0.000526
0.001177
0.002458
0.003039
0.002948
0.002372
0.001504
0.000501
-0.000526
-0.001501
-0.002379
-0.003137
-0.003771
-0.004292
-0.004719
-0.005003
-0.005052
-0.004875
-0.004528
-0.004011
-0.003381
-0.002744
-0.002132
-0.001518
-0.000778
0.000401
0.001646
0.002486
0.002708
0.002357
0.001613
0.000654
-0.000387
-0.001416
-0.002372
-0.003219
-0.003943
-0.004543
-0.005033
-0.005434
-0.005757
-0.005927
-0.005910
-0.005730
-0.005357
-0.004782
-0.004124
-0.003478
-0.002866
-0.002213
-0.001096
0.000319
0.001460
0.002000
0.001920
0.001375
0.000540
-0.000436
-0.001444
-0.002408
-0.003281
-0.004039
-0.004677
-0.005202
-0.005633
-0.005983
-0.006204
-0.006232
-0.006064
-0.005657
-0.005042
-0.004432
-0.003898
-0.003358
-0.002642
-0.001305
0.000426
0.001877
0.002662
0.002734
0.002264
0.001452
0.000464
-0.000576
-0.001582
-0.002498
-0.003297
-0.003969
-0.004522
-0.004975
-0.005353
-0.005651
-0.005846
-0.005920
-0.005635
-0.004695
-0.003310
-0.001809
-0.000367
0.001070
0.002763
0.004440
0.005548
0.005829
0.005312
0.004240
0.002866
0.001388
-0.000055
-0.001376
-0.002524
-0.003483
-0.004260
-0.004884
-0.005410
-0.005846
-0.005416
-0.003591
-0.000870
0.001875
0.003843
0.004957
0.005433
0.005526
0.005466
0.005371
0.005278
0.005169
0.004992
0.004680
0.004210
0.003624
0.003012
0.002456
0.002007
0.001717
0.001624
0.001775
0.002113
0.002417
0.002478
0.002288
0.001934
0.001534
0.001199
0.000977
0.000874
0.000875
0.000905
0.000879
0.000728
0.000474
0.000224
0.000062
0.000067
0.000134
0.000072
-0.000222
-0.000503
-0.000391
0.000199
0.000993
