-1.106205
-1.480707
2.136216
3.847504
1.219087
-1.665332
-1.449110
1.285583
2.491685
1.253290
1.158211
0.958066
-1.496635
-2.940239
-1.549035
0.451125
-0.180228
-2.292267
-2.191969
-0.822210
0.041725
0.802796
1.373866
1.628996
0.056735
-2.507149
-2.086385
0.020652
0.522670
0.330361
0.779346
0.038521
-3.143617
-4.557762
-2.866154
-2.070672
-1.007141
2.966468
4.334399
0.849121
-1.859095
-3.790695
-5.000708
-3.299968
-0.625400
1.186948
1.972179
2.064298
2.197999
2.439846
1.405920
-0.160438
1.654712
4.338814
0.353931
-6.680982
-9.048458
-8.650279
-6.895366
-4.352226
-4.258423
-3.760138
-1.570317
-1.547537
-1.860685
-0.615305
-0.873962
-1.987840
-0.654979
3.437561
7.264276
6.420037
2.781120
2.088387
3.918905
5.007150
4.456521
5.078663
8.540967
8.466942
2.278175
-2.264538
-2.700201
-0.028748
3.824949
1.279280
-3.540629
-3.781100
-4.229994
-4.391721
-1.949789
-1.181754
-2.360673
-2.499791
-2.044349
-1.807782
-1.347496
-0.599407
0.204958
0.658608
0.206892
-0.556662
1.535101
6.677264
7.118943
1.643297
-2.492631
-4.737722
-5.301717
-3.135088
-1.509845
-1.181014
-0.731235
-1.452970
-2.502055
-1.455544
-0.014570
0.954518
2.129740
1.535447
-0.590713
-2.115486
-2.900805
-2.994570
-2.554790
-2.486861
-2.671793
-1.142570
4.240501
8.195293
4.868961
0.247678
-2.324183
-4.153424
-3.535407
-3.069634
-3.901481
-3.123456
-3.152075
-5.048034
-5.280276
-5.361087
-6.760044
-6.891777
-6.008422
-5.176536
-3.998751
-2.756313
-1.438813
0.291006
2.981312
6.301601
10.217790
14.454681
12.477671
4.200045
-0.196141
-0.047203
0.731084
2.663481
2.979334
0.729297
-0.078489
-0.480016
-1.818689
-1.471966
-0.775416
-1.297062
-1.550500
-0.484627
3.815727
8.075528
4.840086
-1.946159
-3.834801
-1.668254
0.849980
3.880531
6.190851
3.657280
0.141874
0.228227
-0.914105
-3.098936
-1.063433
1.642162
0.842772
0.422060
0.522758
-1.367341
-1.912424
-0.999812
-0.881528
0.713034
2.860448
2.149396
0.331946
-0.022569
0.582271
1.093504
1.242555
0.963141
1.866119
7.364509
11.723164
7.977891
2.008235
-2.615112
-5.685127
-4.470745
-2.150802
-2.019342
-1.211460
-0.446846
-1.711063
-1.132319
0.466765
-0.591219
-1.385328
0.949789
3.002001
2.136551
1.422408
1.895524
2.637453
3.689190
4.198845
5.594694
7.951982
7.808998
7.943402
9.459564
5.122304
-1.954567
-2.277771
-0.443116
-2.871909
-4.332289
-3.542123
-4.022899
-3.617107
-2.347695
-2.512910
-2.247838
-0.857538
0.114228
1.131585
4.704807
8.226196
5.687944
0.642568
-0.496395
2.951511
9.652279
9.416878
-0.597816
-5.307677
-3.435606
-3.082305
-1.893083
0.382613
0.248412
0.178924
0.847366
-0.506904
-1.142592
0.274079
1.142246
3.617982
6.292466
2.755467
-2.591072
-2.972232
-1.292033
-1.469185
-1.540950
-0.266199
-0.108716
-0.415476
-0.475823
-1.674897
-2.383204
-1.524141
-1.570208
-2.721110
-2.006575
-0.740112
-2.056751
-3.877440
-3.997791
-4.147103
-5.088463
-4.781018
-3.353974
-2.474666
-1.227883
-0.518511
-2.024042
-3.222770
-1.351862
1.533011
1.520539
