8.826903
8.826903
8.826903
8.826903
8.826903
8.826903
9.180730
9.543257
9.905784
9.938539
9.416957
8.895375
8.373792
7.880937
7.406603
6.932268
6.457934
5.983600
5.257738
4.515680
3.773621
3.202203
2.920712
2.639222
2.861867
3.182690
3.071863
2.886352
2.700841
2.427672
1.864325
1.301260
0.737913
2.283638
4.275194
6.266749
8.279096
10.398204
12.517312
14.113824
13.503972
12.894119
12.486751
12.759182
13.031612
13.304043
9.704997
5.882793
2.060589
-1.761615
-5.583819
-9.406023
-13.228227
-17.050431
-20.872635
-18.890338
-8.623947
1.642444
11.908835
20.618608
18.432050
16.473094
16.720773
16.968451
17.184097
17.104907
17.025716
16.928937
16.591092
16.253246
15.915400
12.910746
9.158292
5.405838
1.653385
-2.099069
-5.851522
-9.603976
-13.356429
-17.107007
-18.378450
-9.003864
0.370723
9.745309
16.785397
16.097487
15.409578
15.376135
15.457732
15.539330
16.536626
17.548339
18.558068
18.246867
17.935665
17.624464
14.976329
11.333788
7.691248
4.048708
0.406168
-3.236372
-6.878913
-10.521453
-14.163993
-15.667000
-9.863477
-4.059954
-1.001304
1.188167
3.377637
5.567108
6.565367
7.395784
8.226200
9.065106
9.904602
10.744098
10.874568
10.910179
10.945790
12.052931
13.257059
11.937685
8.048974
4.160263
0.273496
-3.615215
-7.503926
-11.392638
-15.281349
-14.826063
-12.455414
-10.084764
-7.427674
-4.595768
-1.763861
0.396593
2.358179
4.319766
5.659123
6.825021
7.990918
8.477767
8.794853
9.111939
7.383325
3.873095
0.362864
-3.147366
-6.657596
-10.167827
-13.678057
-17.188287
-20.698518
-22.792713
-16.152156
-9.511599
-4.418019
-2.808283
-1.198548
0.411188
1.099724
1.446678
1.793631
2.203603
2.637418
3.071233
3.108147
2.992238
2.876329
0.661644
-3.239252
-7.138198
-11.039094
-14.939990
-18.840886
-22.741782
-26.642678
-30.543574
-33.249999
-23.499796
-13.749592
-5.583996
-4.173829
-2.763663
-1.353497
-0.618285
-0.277777
0.062730
0.639685
1.429713
2.219740
2.312115
1.937448
1.562780
-0.368124
-4.064533
-7.760943
-11.457352
-15.153762
-18.850171
-22.546581
-26.242990
-29.939400
-33.635809
-27.907569
-19.308283
-12.695021
-10.050827
-7.406632
-4.762438
-3.078302
-2.300111
-1.521919
-0.369546
1.097747
2.565039
3.335727
3.502169
3.668528
3.019948
-0.858385
-4.736718
-8.615051
-12.493384
-16.371717
-20.250050
-24.128383
-28.006716
-31.885049
-23.826227
-14.463124
-5.239498
-2.680189
-0.120880
2.438429
3.884544
4.010642
4.136741
4.558231
5.330702
6.103172
6.344994
5.997951
5.650909
4.494183
0.580255
-3.333674
-7.247602
-11.161531
-15.075459
-18.989387
-22.903316
-26.817244
-30.731173
-22.136589
-11.052302
0.031985
7.047342
7.178922
7.310502
7.454244
7.622679
7.791113
7.953967
8.106402
8.258914
8.295382
8.118223
7.941064
7.675356
6.621470
5.567584
4.513697
3.760045
3.281869
2.803694
2.325519
2.082586
1.856140
1.398180
0.686888
-0.024405
-0.735698
-0.860451
-0.676948
-0.493445
-0.235069
0.081422
0.397913
0.589323
0.182796
-0.223730
-0.630257
-0.843677
-0.120925
0.601826
0.787264
0.594659
0.402054
0.237377
