8.824700
8.824700
8.824700
8.824700
8.824700
8.824700
8.825826
8.865069
9.028894
9.328088
9.691212
9.906420
9.778977
9.356508
8.779764
8.162527
7.566389
7.009038
6.486022
5.961861
5.361659
4.667154
3.921375
3.243437
2.742960
2.444742
2.420870
2.618506
2.803359
2.842229
2.747318
2.512549
2.097999
1.546320
1.121764
1.485625
2.845283
4.859586
7.170475
9.578350
11.949297
13.832528
14.620905
14.411373
13.792920
13.314245
13.131828
12.790502
11.213656
8.168573
4.209302
-0.114953
-4.485562
-8.759718
-12.894796
-16.906533
-20.515301
-21.080134
-16.095052
-6.651358
4.909211
15.358527
21.075685
22.192394
21.212124
19.864496
18.747654
17.941249
17.421166
17.093877
16.804063
16.481922
15.896373
14.239852
11.252315
7.403252
3.200385
-1.053685
-5.221299
-9.261066
-13.191053
-16.922504
-18.575636
-15.287286
-7.419703
2.827105
12.242592
17.793254
19.544356
19.229162
18.235610
17.340154
17.025644
17.363504
18.024527
18.460651
18.489167
18.042107
16.490599
13.590393
9.810233
5.676289
1.501351
-2.574417
-6.515354
-10.339062
-13.981045
-16.024312
-14.468608
-9.895585
-4.668033
-0.282246
3.111136
5.689660
7.420891
8.448607
9.106394
9.656721
10.235955
10.831576
11.240622
11.392991
11.490964
11.917796
12.634025
12.451501
10.395603
6.831670
2.517816
-2.019087
-6.507964
-10.842135
-14.677070
-16.608308
-15.998970
-13.631235
-10.387642
-6.816647
-3.307782
-0.226887
2.320707
4.432610
6.101838
7.382798
8.398965
9.092167
9.466425
9.534072
8.617170
6.204839
2.696142
-1.303561
-5.402579
-9.416807
-13.286040
-17.018877
-20.579735
-22.633280
-20.912743
-15.656561
-9.326510
-4.243714
-0.847704
1.297769
2.442905
2.841389
2.880690
2.869000
2.954966
3.146379
3.282177
3.264180
2.991152
1.725700
-1.042387
-4.910088
-9.275787
-13.749306
-18.143864
-22.398099
-26.519632
-30.468006
-32.580848
-29.726940
-22.009574
-12.775976
-5.663954
-1.445571
0.734478
1.604872
1.679865
1.461535
1.361874
1.580477
2.057679
2.419848
2.410281
1.996674
0.676198
-1.995521
-5.675837
-9.814531
-14.049187
-18.207378
-22.233630
-26.135858
-29.939959
-32.886053
-32.099041
-26.610818
-19.085627
-12.527380
-7.694288
-4.207511
-1.910924
-0.692509
-0.094613
0.450089
1.276411
2.380271
3.382458
3.979596
4.187532
3.581271
1.401589
-2.171728
-6.469984
-10.982229
-15.445576
-19.760722
-23.920364
-27.934964
-30.684444
-29.024706
-22.338888
-13.306886
-5.428123
0.081647
3.702821
5.751741
6.398330
6.219545
5.899938
5.860652
6.152872
6.449290
6.451792
6.130104
5.074569
2.623515
-1.045621
-5.342513
-9.820839
-14.252535
-18.552178
-22.714826
-26.754278
-29.572085
-27.613299
-19.857549
-8.603768
1.956091
8.460380
11.058174
11.345563
10.649240
9.754228
9.032276
8.590844
8.417278
8.362226
8.279478
8.120153
7.789772
7.124769
6.148250
5.023218
3.985471
3.184057
2.587490
2.131016
1.806632
1.571337
1.272489
0.789649
0.146593
-0.540076
-1.013463
-1.136057
-0.994450
-0.695639
-0.310025
0.097577
0.386524
0.381778
0.099619
-0.329715
-0.647785
-0.547971
-0.067899
0.418324
0.637018
