-1.158904
-0.532763
3.870012
-0.256733
-15.234585
-28.495477
-22.986476
-3.299939
13.540036
12.488676
1.015292
-8.001004
-11.112768
-2.819260
13.105655
23.053355
19.681259
6.827524
-1.868987
-1.628473
0.699805
1.022281
-4.282701
-12.942923
-17.891493
-15.956026
-3.175084
12.712135
17.624654
10.368392
-0.700387
-9.301352
-11.957415
-5.378478
11.621009
22.598360
20.981915
12.862477
-5.207417
-31.324919
-40.298694
-26.123139
-0.871484
28.222512
42.443844
31.088969
4.276149
-22.014866
-36.169956
-34.483130
-24.060898
-12.834550
-0.498662
10.783299
6.682098
-4.930091
4.989621
32.688369
57.275147
65.223510
42.826752
4.049787
-21.053792
-32.040973
-34.760352
-27.252388
-21.091072
-19.071186
-11.697005
-4.515116
-6.616292
-22.322173
-45.422316
-47.234209
-25.671054
1.220441
15.656838
12.887157
4.450287
-6.041666
-19.696013
-17.403298
10.918597
41.759496
60.906562
47.018520
9.356909
-5.448081
3.867017
19.300668
33.190122
27.284716
4.288408
-10.988155
-13.770784
-10.492352
-5.026226
-2.521812
-5.316288
-10.264141
-14.800036
-16.190496
-12.042303
-4.274144
-8.536288
-29.673614
-35.615816
-15.892143
17.795780
52.200166
62.504844
41.175967
10.641627
-12.636553
-22.776726
-15.869952
-4.004265
-0.941671
-4.701252
-13.649645
-22.453305
-17.745540
-3.050496
13.100225
23.763589
23.617080
14.619667
4.990454
-1.102353
-10.184668
-35.201281
-59.125480
-51.504220
-18.750340
26.646874
58.793511
57.768470
38.573973
17.407689
-0.961846
-5.066992
0.798602
4.752265
9.552404
12.983973
9.812298
2.604628
-6.787272
-17.427830
-25.939972
-31.716693
-35.936894
-43.410896
-53.332544
-66.337706
-77.242329
-54.248876
-0.656763
50.194381
77.144114
68.925731
32.799800
3.920031
-1.796841
3.537816
15.122248
22.936642
18.245234
9.789098
3.913241
0.417432
-4.028242
-23.814600
-48.524453
-39.330290
-2.328342
34.848517
47.880522
28.746335
-11.838514
-42.571561
-33.773791
-6.886221
16.248556
34.584500
38.642539
21.169053
0.505764
-10.031853
-15.765816
-9.694182
5.735644
12.775584
12.165393
7.133222
-8.301732
-21.735554
-21.427701
-10.640649
2.191990
8.951408
7.034418
1.007417
-2.056020
-7.166863
-30.612257
-52.596149
-44.431516
-7.066893
46.512550
85.108309
80.924813
47.803466
12.587191
-14.141699
-21.539803
-13.441753
-9.328211
-8.637636
-4.396792
-1.795775
-10.480930
-18.503924
-19.808850
-15.420699
-7.109008
-2.645394
-5.187589
-10.490835
-18.345379
-27.100617
-24.088823
-21.725834
-15.234564
14.220053
51.730835
67.473079
63.184172
51.037638
31.141268
17.066691
12.596680
3.894204
-6.357650
-11.068372
-14.108498
-17.250884
-19.398777
-22.721310
-35.676957
-49.223947
-36.974711
-5.780124
23.324151
26.055861
-8.660450
-26.936363
-0.912121
38.371349
63.451179
60.532424
27.292457
-8.305119
-22.015932
-22.974878
-16.810046
-3.712069
3.913648
2.666045
-2.887133
-21.001853
-34.318296
-19.034546
13.111366
36.059070
39.713466
28.421507
8.534023
-7.364729
-10.450844
-9.876174
-6.372984
2.385783
9.026890
8.227217
6.940496
6.171491
0.807858
-4.379894
-2.268766
3.574022
8.223406
12.578473
13.376335
7.344141
-2.302785
-11.452641
-22.238442
-25.872929
-17.172668
-4.924726
-2.826203
