0.303623
0.303623
0.303623
0.303623
0.303623
0.303623
0.240413
0.168947
0.097482
0.081170
0.232097
0.383024
0.533950
0.775813
1.091927
1.408042
1.724156
2.040271
2.186119
2.299897
2.413675
2.415010
2.113104
1.811197
1.315670
0.754219
0.788088
0.993802
1.199516
1.409843
1.648044
1.886126
2.124327
1.515277
0.519318
-0.476641
-1.461234
-2.280968
-3.100703
-3.722742
-2.928630
-2.134518
-1.472181
-1.636426
-1.800672
-1.964918
-1.185135
-0.165646
0.853843
1.873332
2.892820
3.912309
4.931798
5.951287
6.970776
6.422042
1.654731
-3.112580
-7.879891
-12.331180
-9.574144
-6.841402
-6.196791
-5.552181
-4.907571
-4.687170
-4.467620
-4.248069
-4.059872
-3.871959
-3.684047
-2.887513
-1.795259
-0.703006
0.389248
1.481501
2.573755
3.666008
4.758262
5.849969
6.942223
2.553642
-1.851430
-6.256502
-9.777176
-8.082946
-6.388717
-5.636624
-5.158055
-4.679487
-5.043467
-5.504196
-5.964924
-5.680669
-5.325872
-4.971074
-4.177136
-3.085526
-1.993916
-0.902306
0.189305
1.280915
2.372525
3.464135
4.555745
5.530270
2.364214
-0.801842
-2.138185
-2.515045
-2.891905
-3.268764
-3.348250
-3.339910
-3.331569
-3.441956
-3.572153
-3.702350
-3.651769
-3.553278
-3.454787
-3.989589
-4.670534
-4.705793
-3.234446
-1.763100
-0.292490
1.178857
2.650203
4.121549
5.592895
5.351603
3.956608
2.561613
1.332557
0.226654
-0.879249
-1.527496
-1.961365
-2.395233
-2.687258
-2.917035
-3.146812
-3.155926
-3.075128
-2.994331
-2.491800
-1.520328
-0.548856
0.422615
1.394087
2.365559
3.337030
4.308502
5.279974
6.181179
3.454410
0.727641
-1.392603
-1.470788
-1.548972
-1.627157
-1.510821
-1.277524
-1.044226
-0.975762
-1.007469
-1.039177
-0.946257
-0.784292
-0.622328
-0.122702
0.771719
1.665692
2.560112
3.454532
4.348952
5.243373
6.137793
7.032213
7.926634
4.529423
1.069069
-2.069630
-1.767930
-1.466231
-1.164531
-0.884227
-0.623515
-0.362803
-0.301862
-0.498290
-0.694719
-0.654239
-0.388408
-0.122577
0.369765
1.257876
2.145988
3.034100
3.922212
4.810323
5.698435
6.586547
7.474659
8.362770
6.510331
3.435245
0.998962
0.630670
0.262377
-0.105915
-0.315713
-0.306188
-0.296663
-0.423255
-0.720643
-1.018032
-1.090307
-0.900964
-0.711716
-0.419179
0.504643
1.428464
2.352286
3.276108
4.199929
5.123751
6.047572
6.971394
7.895215
5.531222
2.334974
-0.861273
-1.489337
-1.960721
-2.432105
-2.594631
-2.172068
-1.749505
-1.507071
-1.581419
-1.655766
-1.566537
-1.231434
-0.896331
-0.470678
0.472140
1.414958
2.357776
3.300594
4.243411
5.186229
6.129047
7.071865
8.014683
5.588928
1.369182
-2.850564
-5.611398
-4.712156
-3.812914
-3.024650
-2.606879
-2.189107
-1.881814
-1.873982
-1.866146
-1.829447
-1.714110
-1.598773
-1.448566
-0.880362
-0.312158
0.256045
0.626940
0.745693
0.864446
0.983199
0.720532
0.404866
0.372856
0.798773
1.224691
1.650608
1.639490
1.307979
0.976468
0.743805
0.609007
0.474209
0.354820
0.570228
0.785635
1.001043
1.142898
0.487854
-0.167190
-0.365430
-0.095771
0.173888
0.426559
