0.327113
0.327113
0.327113
0.327113
0.327113
0.327113
0.326977
0.320231
0.288545
0.227697
0.151415
0.108202
0.154641
0.284048
0.465464
0.707028
1.018582
1.375421
1.748173
2.103221
2.382158
2.569219
2.690265
2.707165
2.547959
2.225607
1.750295
1.203422
0.840711
0.783486
0.948971
1.226863
1.550487
1.880019
2.125101
1.977046
1.293258
0.239806
-0.954227
-2.114252
-3.166590
-3.893792
-3.931033
-3.327945
-2.511669
-1.948886
-1.753587
-1.727965
-1.446839
-0.724918
0.315573
1.507316
2.741772
3.964860
5.153524
6.306289
7.349831
7.289869
4.852429
0.327102
-5.258084
-10.227638
-12.307533
-11.493178
-9.534665
-7.611149
-6.093396
-5.090037
-4.532037
-4.254646
-4.107538
-3.999669
-3.833658
-3.361111
-2.481749
-1.325787
-0.046384
1.260499
2.548053
3.800931
5.022553
6.200507
6.719928
5.190952
1.478146
-3.481285
-7.989420
-10.122170
-9.865236
-8.507481
-7.035787
-5.878146
-5.322279
-5.371501
-5.734180
-5.980078
-5.934764
-5.627586
-4.982949
-3.977698
-2.746427
-1.430922
-0.112747
1.172758
2.419544
3.634426
4.810321
5.444449
4.469292
1.962447
-0.704652
-2.559015
-3.604763
-4.124823
-4.278719
-4.195984
-4.032611
-3.918179
-3.899886
-3.951635
-3.980692
-3.936293
-3.896321
-4.090136
-4.566551
-4.833812
-4.308192
-3.036085
-1.351279
0.483543
2.323977
4.106809
5.693199
6.422962
5.901581
4.491193
2.750473
1.040302
-0.484886
-1.658540
-2.436323
-2.936268
-3.252660
-3.451668
-3.589492
-3.636204
-3.573839
-3.418543
-3.025126
-2.261431
-1.219414
-0.051903
1.140362
2.310304
3.442724
4.539855
5.596164
6.184323
5.376499
3.138158
0.509285
-1.365228
-2.285096
-2.556644
-2.426628
-2.061000
-1.623681
-1.274125
-1.085633
-1.024064
-0.983173
-0.891668
-0.724549
-0.350339
0.344938
1.284045
2.336982
3.416707
4.480667
5.514669
6.519991
7.489264
7.946792
6.789753
3.918937
0.534780
-1.788139
-2.685193
-2.623615
-2.107654
-1.462506
-0.866008
-0.471861
-0.364406
-0.470057
-0.576121
-0.526406
-0.309451
0.128094
0.860130
1.812411
2.864185
3.935362
4.988084
6.010696
7.005755
7.979827
8.714687
8.240957
6.132024
3.356766
1.178130
-0.109858
-0.769434
-1.019542
-0.988001
-0.829730
-0.723719
-0.779444
-0.974917
-1.146036
-1.152011
-0.998299
-0.650307
0.015816
0.960355
2.047364
3.172937
4.284659
5.363770
6.410085
7.427707
8.118764
7.443457
5.063303
1.852844
-0.838314
-2.505774
-3.381747
-3.653928
-3.388534
-2.801065
-2.207149
-1.833085
-1.688002
-1.605917
-1.428928
-1.129969
-0.666428
0.066677
1.035215
2.125366
3.249072
4.361619
5.446759
6.504548
7.540403
8.297386
7.533357
4.590076
0.190556
-3.909384
-6.051359
-6.251666
-5.382978
-4.225289
-3.160305
-2.363834
-1.917385
-1.756756
-1.735229
-1.730322
-1.687518
-1.539307
-1.189470
-0.650548
-0.018793
0.543878
0.916777
1.122506
1.196785
1.085066
0.808780
0.594266
0.659146
0.985125
1.427043
1.720086
1.699778
1.434546
1.089205
0.783164
0.544024
0.401147
0.423744
0.600257
0.856318
1.020462
0.846113
0.350382
-0.121302
-0.283195
